9,1
9,5
9,2
9,3
8,8
8,7
8,12
8,17
11367,14
11367,13
11367,12
11367,11
11367,10
11367,9
11367,8
11367,7
11367,6
11367,5
11367,1
120,10
120,5
120,4
120,3
120,1
119,8
119,6
119,5
119,4
119,3
119,1
116,11
116,8
116,1
111,3
111,1
105,20
105,11
105,10
105,8
105,6
105,5
105,3
105,1
20,3
20,2
20,1
19,3
19,2
19,1
12,3
12,2
12,1
11,30
11,29
11,28
11,27
11,26
11,25
11,24
11,23
11,22
11,21
11,20
11,19
11,18
11,17
11,16
11,15
11,14
11,13
11,12
11,11
11,10
11,9
11,7
11,6
11,5
11,4
11,3
11,2
11,1
10,308
10,306
10,305
10,298
10,296
10,287
10,283
10,261
10,255
10,252
10,248
10,246
10,242
10,231
10,230
10,227
10,224
10,221
10,217
10,200
18,1
10,197
18,3
10,195
10,192
10,189
10,180
10,158
14,1
14,6
10,144
10,133
14,3
10,120
10,101
13,1
10,96
13,5
10,86
13,3
10,77
10,34
10,29
10,27
10,23
10,14
10,8
10,3
10,2
10,1
